3
10
7
47
60
68
16
0 0 0 0.5 400 1654 -3905 -152 -17 -1 -1
1 1 0 1.5 400 3133 -2893 44 57 -1 -1
2 2 0 1 400 -2685 4858 145 16 -1 -1
3 0 1 0.5 400 2496 2152 99 -441 -1 -1
4 1 1 1.5 400 992 4142 -78 79 -1 -1
5 2 1 1 400 -102 -4613 261 65 -1 -1
6 0 2 0.5 400 2865 -4149 501 309 -1 -1
7 1 2 1.5 400 -385 -5426 -84 11 -1 -1
8 2 2 1 400 780 -253 -118 -127 -1 -1
26 3 -1 5.5 700 -4543 3883 -103 83 6 6
41 3 -1 4.5 600 2417 92 12 0 4 4
42 3 -1 4.5 600 -1125 -2143 -6 -11 4 4
48 3 -1 3 650 7383 1705 -296 -69 1 5
50 3 -1 3 650 -2361 -7731 99 325 1 5
51 3 -1 3 750 -8179 260 340 -11 1 7
47 4 -1 -1 700 1961 4938 0 0 1 -1
