0
0
0
0
0
0
18
0 0 0 0.5 400 -2034 4845 0 0 -1 -1
1 1 0 1.5 400 1462 919 0 0 -1 -1
2 2 0 1 400 3561 3570 0 0 -1 -1
3 0 1 0.5 400 -3179 -4184 0 0 -1 -1
4 1 1 1.5 400 -1526 806 0 0 -1 -1
5 2 1 1 400 -4872 1299 0 0 -1 -1
6 0 2 0.5 400 5213 -661 0 0 -1 -1
7 1 2 1.5 400 65 -1725 0 0 -1 -1
8 2 2 1 400 1311 -4869 0 0 -1 -1
9 3 -1 3 650 4973 7078 -230 -327 1 5
10 3 -1 3 650 -8616 768 398 -36 1 5
11 3 -1 3 650 3643 -7845 -168 363 1 5
12 3 -1 3 850 3360 8187 -152 -370 1 9
13 3 -1 3 850 -8770 -1184 396 54 1 9
14 3 -1 3 850 5411 -7003 -245 317 1 9
15 3 -1 3 750 1315 8651 -60 -395 1 7
16 3 -1 3 750 -8149 -3186 373 146 1 7
17 3 -1 3 750 6834 -5464 -312 250 1 7
0
0
0
1
2
2
18
0 0 0 0.5 400 -2029 4745 4 -80 -1 -1
1 1 0 1.5 400 1323 1063 -97 101 -1 -1
2 2 0 1 400 3406 3603 -116 25 -1 -1
3 0 1 0.5 400 -3608 -3765 -344 335 -1 -1
4 1 1 1.5 400 -1526 806 0 0 -1 -1
5 2 1 1 400 -4582 1222 217 -58 -1 -1
6 0 2 0.5 400 4625 -781 -470 -96 -1 -1
7 1 2 1.5 400 57 -1525 -5 140 -1 -1
8 2 2 1 400 1015 -4823 -222 34 -1 -1
9 3 -1 3 650 4647 6615 -195 -278 1 5
10 3 -1 3 650 -8052 717 338 -30 1 5
11 3 -1 3 650 3405 -7331 -143 308 1 5
12 3 -1 3 850 3145 7663 -129 -315 1 9
13 3 -1 3 850 -8209 -1108 337 46 1 9
14 3 -1 3 850 5064 -6554 -208 269 1 9
15 3 -1 3 750 1230 8091 -51 -336 1 7
16 3 -1 3 750 -7621 -2979 317 124 1 7
17 3 -1 3 750 6392 -5110 -265 212 1 7
