17
14
8
99
241
208
19
0 0 0 0.5 400 2488 -3013 -1009 93 -1 -1
1 1 0 1.5 400 658 -1463 -13 -40 -1 -1
2 2 0 1 400 -729 1340 -70 -97 -1 -1
3 0 1 0.5 400 5062 -1422 -108 -211 -1 -1
4 1 1 1.5 400 3417 -851 -70 322 -1 -1
5 2 1 1 400 3763 -4041 385 477 -1 -1
6 0 2 0.5 400 4581 -683 -135 -203 -1 -1
7 1 2 1.5 400 4395 -2432 -227 -195 -1 -1
8 2 2 1 400 4159 -1663 -276 -338 -1 -1
26 3 -1 6 750 -1930 8316 -29 123 7 7
37 3 -1 4.5 600 -6196 3236 51 20 4 4
45 3 -1 6 750 4304 589 76 55 7 7
50 3 -1 4.5 600 2681 2506 -36 77 4 4
58 3 -1 3 650 3969 2410 31 -94 1 5
60 3 -1 3 650 775 -4463 -43 248 1 5
61 3 -1 3 600 -2318 -5258 104 235 1 4
62 3 -1 3 650 -7492 3442 -45 -37 1 5
63 3 -1 3 750 -5962 -6405 273 293 1 7
59 4 -1 -1 850 -181 -2635 0 0 1 -1
