0
0
0
0
0
0
18
0 0 0 0.5 400 4742 2541 0 0 -1 -1
1 1 0 1.5 400 2876 1083 0 0 -1 -1
2 2 0 1 400 663 1623 0 0 -1 -1
3 0 1 0.5 400 -4572 2836 0 0 -1 -1
4 1 1 1.5 400 -2376 1949 0 0 -1 -1
5 2 1 1 400 -1737 -238 0 0 -1 -1
6 0 2 0.5 400 -170 -5377 0 0 -1 -1
7 1 2 1.5 400 -501 -3032 0 0 -1 -1
8 2 2 1 400 1074 -1385 0 0 -1 -1
9 3 -1 3 600 7763 3701 -361 -172 1 4
10 3 -1 3 600 -7086 4873 330 -227 1 4
11 3 -1 3 600 -677 -8573 31 399 1 4
12 3 -1 3 700 9121 3849 -369 -156 1 6
13 3 -1 3 700 -7894 5974 319 -241 1 6
14 3 -1 3 700 -1227 -9824 50 397 1 6
15 3 -1 3 650 6612 5577 -306 -258 1 5
16 3 -1 3 650 -8136 2937 376 -136 1 5
17 3 -1 3 650 1524 -8515 -70 394 1 5
