8
13
14
6
29
38
14
0 0 0 0.5 400 1951 2492 628 57 -1 -1
1 1 0 1.5 400 2275 -2859 -43 110 -1 -1
2 2 0 1 400 -1474 -372 227 -199 -1 -1
3 0 1 0.5 400 1391 1915 582 -184 -1 -1
4 1 1 1.5 400 -3718 -974 -21 6 -1 -1
5 2 1 1 400 -3505 204 -38 -68 -1 -1
6 0 2 0.5 400 -2559 -132 -390 -901 -1 -1
7 1 2 1.5 400 -795 2156 91 122 -1 -1
8 2 2 1 400 151 1648 356 235 -1 -1
41 3 -1 5.5 700 99 3363 5 146 6 6
44 3 -1 5 800 -232 -2084 6 53 5 8
50 3 -1 3 850 -4565 -6295 179 246 1 9
40 4 -1 -1 800 4046 1761 0 0 1 -1
49 4 -1 -1 700 -3474 -1899 0 0 1 -1
