27
37
24
32
69
27
19
0 0 0 0.5 400 261 2291 364 319 -1 -1
1 1 0 1.5 400 155 3129 29 336 -1 -1
2 2 0 1 400 -1359 167 84 234 -1 -1
3 0 1 0.5 400 -2488 -4880 -440 495 -1 -1
4 1 1 1.5 400 -2472 -3857 -347 1 -1 -1
5 2 1 1 400 1074 -2041 -111 485 -1 -1
6 0 2 0.5 400 1851 -4129 259 303 -1 -1
7 1 2 1.5 400 3284 -4010 -55 -135 -1 -1
8 2 2 1 400 -792 -2758 -297 -28 -1 -1
74 3 -1 5.5 700 -2778 7294 -48 127 6 6
83 3 -1 6 750 1499 6856 26 121 7 7
90 3 -1 5 650 2876 -5091 8 15 5 5
101 3 -1 4.5 750 -2199 -1194 145 -3 4 7
103 3 -1 3 650 -3468 -541 152 84 1 5
106 3 -1 3 650 1818 -5900 -162 126 1 5
107 3 -1 3 800 4178 -5758 58 64 1 8
111 3 -1 3 650 -7131 4897 330 -226 1 5
112 3 -1 3 800 1247 8711 -57 -396 1 8
110 4 -1 -1 850 -3648 -4227 0 0 1 -1
